0 0 0.0
0 1 20.03805999622658
0 2 15.284271247461902
0 3 21.004161358181385
0 4 15.245866437056604
0 5 16.0777156317282
0 6 20.222013499163353
0 7 19.064726790169015
0 8 23.284271247461902
0 9 18.384776310850235
0 10 19.681945980419275
0 11 21.959715927125142
0 12 18.797438266956764
0 13 22.453319352616603
0 14 25.45584412271571
0 15 24.678719971997914
0 16 19.064726790169015
0 17 19.74026750214437
0 18 19.681945980419275
0 19 17.84396473855135
1 0 20.03805999622658
1 1 0.0
1 2 20.222013499163353
1 3 17.103931359962953
1 4 10.791415562926002
1 5 19.064726790169015
1 6 12.128776826058392
1 7 19.064726790169015
1 8 24.678719971997914
1 9 10.791415562926002
1 10 22.453319352616603
1 11 13.724051468900866
1 12 23.185251733869116
1 13 15.245866437056604
1 14 22.284271247461902
1 15 17.103931359962953
1 16 22.899106440327397
1 17 15.754307161320234
1 18 21.213203435596427
1 19 22.899106440327397
2 0 15.284271247461902
2 1 20.222013499163353
2 2 0.0
2 3 9.845182332876128
2 4 3.4447865507134594
2 5 25.45584412271571
2 6 9.257973657021456
2 7 21.959715927125142
2 8 19.681945980419275
2 9 9.179298072919103
2 10 14.391827258012098
2 11 10.035983656567243
2 12 24.678719971997914
2 13 9.495977019405967
2 14 16.0777156317282
2 15 14.142135623730951
2 16 14.867863382463163
2 17 8.434838006182694
2 18 23.284271247461902
2 19 25.45584412271571
3 0 21.004161358181385
3 1 17.103931359962953
3 2 9.845182332876128
3 3 0.0
3 4 21.881147010029053
3 5 9.845182332876128
3 6 16.20122527386733
3 7 12.159755750864804
3 8 18.384776310850235
3 9 13.418202500143396
3 10 21.284271247461902
3 11 18.435413445665798
3 12 13.418202500143396
3 13 23.284271247461902
3 14 21.881147010029053
3 15 18.284271247461902
3 16 20.284271247461902
3 17 26.870057685088806
3 18 13.284271247461902
3 19 12.663771895648594
4 0 15.245866437056604
4 1 10.791415562926002
4 2 3.4447865507134594
4 3 21.881147010029053
4 4 0.0
4 5 3.525434441182007
4 6 13.284271247461902
4 7 6.080667936287384
4 8 12.005450651362196
4 9 10.284271247461902
4 10 15.635160606788384
4 11 15.245866437056604
4 12 7.023979621992602
4 13 20.03805999622658
4 14 15.556349186104047
4 15 13.418202500143396
4 16 14.682800738726458
4 17 23.284271247461902
4 18 7.023979621992602
4 19 6.261555701916663
5 0 16.0777156317282
5 1 19.064726790169015
5 2 25.45584412271571
5 3 9.845182332876128
5 4 3.525434441182007
5 5 0.0
5 6 11.021594745829834
5 7 24.284271247461902
5 8 19.681945980419275
5 9 11.284271247461902
5 10 13.418202500143396
5 11 11.521216633221691
5 12 24.16116562184424
5 13 10.256514870141956
5 14 16.242676668669606
5 15 15.635160606788384
5 16 13.724051468900866
5 17 8.434838006182694
5 18 24.678719971997914
5 19 24.284271247461902
6 0 20.222013499163353
6 1 12.128776826058392
6 2 9.257973657021456
6 3 16.20122527386733
6 4 13.284271247461902
6 5 11.021594745829834
6 6 0.0
6 7 14.942607183335568
6 8 15.635160606788384
6 9 25.284271247461902
6 10 12.005450651362196
6 11 26.048203269962112
6 12 12.253051705580503
6 13 21.004161358181385
6 14 17.46761742106993
6 15 23.185251733869116
6 16 11.2548848815355
6 17 15.635160606788384
6 18 14.248602399843703
6 19 11.2548848815355
7 0 19.064726790169015
7 1 19.064726790169015
7 2 21.959715927125142
7 3 12.159755750864804
7 4 6.080667936287384
7 5 24.284271247461902
7 6 14.942607183335568
7 7 0.0
7 8 21.213203435596427
7 9 15.284271247461902
7 10 14.248602399843703
7 11 15.284271247461902
7 12 23.284271247461902
7 13 13.418202500143396
7 14 18.435413445665798
7 15 19.339999337462743
7 16 14.284271247461902
7 17 10.791415562926002
7 18 26.048203269962112
7 19 22.627416997969522
8 0 23.284271247461902
8 1 24.678719971997914
8 2 19.681945980419275
8 3 18.384776310850235
8 4 12.005450651362196
8 5 19.681945980419275
8 6 15.635160606788384
8 7 21.213203435596427
8 8 0.0
8 9 14.391827258012098
8 10 21.284271247461902
8 11 17.103931359962953
8 12 23.284271247461902
8 13 17.84396473855135
8 14 24.678719971997914
8 15 20.668498141597993
8 16 21.213203435596427
8 17 16.970562748477143
8 18 22.899106440327397
8 19 22.453319352616603
9 0 18.384776310850235
9 1 10.791415562926002
9 2 9.179298072919103
9 3 13.418202500143396
9 4 10.284271247461902
9 5 11.284271247461902
9 6 25.284271247461902
9 7 15.284271247461902
9 8 14.391827258012098
9 9 0.0
9 10 9.845182332876128
9 11 23.185251733869116
9 12 11.79184874499126
9 13 18.086232220276333
9 14 15.556349186104047
9 15 21.881147010029053
9 16 9.179298072919103
9 17 12.760096551201878
9 18 14.142135623730951
9 19 10.820022050888923
10 0 19.681945980419275
10 1 22.453319352616603
10 2 14.391827258012098
10 3 21.284271247461902
10 4 15.635160606788384
10 5 13.418202500143396
10 6 12.005450651362196
10 7 14.248602399843703
10 8 21.284271247461902
10 9 9.845182332876128
10 10 0.0
10 11 14.071600843910007
10 12 17.513941633192893
10 13 17.513941633192893
10 14 22.453319352616603
10 15 16.0777156317282
10 16 27.284271247461902
10 17 20.222013499163353
10 18 16.118746186865465
10 19 17.103931359962953
11 0 21.959715927125142
11 1 13.724051468900866
11 2 10.035983656567243
11 3 18.435413445665798
11 4 15.245866437056604
11 5 11.521216633221691
11 6 26.048203269962112
11 7 15.284271247461902
11 8 17.103931359962953
11 9 23.185251733869116
11 10 14.071600843910007
11 11 0.0
11 12 13.250974869088994
11 13 23.185251733869116
11 14 19.339999337462743
11 15 24.16116562184424
11 16 13.284271247461902
11 17 17.84396473855135
11 18 14.942607183335568
11 19 12.253051705580503
12 0 18.797438266956764
12 1 23.185251733869116
12 2 24.678719971997914
12 3 13.418202500143396
12 4 7.023979621992602
12 5 24.16116562184424
12 6 12.253051705580503
12 7 23.284271247461902
12 8 23.284271247461902
12 9 11.79184874499126
12 10 17.513941633192893
12 11 13.250974869088994
12 12 0.0
12 13 13.052725035734085
12 14 19.681945980419275
12 15 17.284271247461902
12 16 17.84396473855135
12 17 12.005450651362196
12 18 25.45584412271571
12 19 27.284271247461902
13 0 22.453319352616603
13 1 15.245866437056604
13 2 9.495977019405967
13 3 23.284271247461902
13 4 20.03805999622658
13 5 10.256514870141956
13 6 21.004161358181385
13 7 13.418202500143396
13 8 17.84396473855135
13 9 18.086232220276333
13 10 17.513941633192893
13 11 23.185251733869116
13 12 13.052725035734085
13 13 0.0
13 14 21.213203435596427
13 15 21.576067314962533
13 16 16.579571336742276
13 17 22.899106440327397
13 18 13.862066145605946
13 19 12.128776826058392
14 0 25.45584412271571
14 1 22.284271247461902
14 2 16.0777156317282
14 3 21.881147010029053
14 4 15.556349186104047
14 5 16.242676668669606
14 6 17.46761742106993
14 7 18.435413445665798
14 8 24.678719971997914
14 9 15.556349186104047
14 10 22.453319352616603
14 11 19.339999337462743
14 12 19.681945980419275
14 13 21.213203435596427
14 14 0.0
14 15 21.881147010029053
14 16 21.881147010029053
14 17 20.474021571555248
14 18 19.681945980419275
14 19 18.8502901154053
15 0 24.678719971997914
15 1 17.103931359962953
15 2 14.142135623730951
15 3 18.284271247461902
15 4 13.418202500143396
15 5 15.635160606788384
15 6 23.185251733869116
15 7 19.339999337462743
15 8 20.668498141597993
15 9 21.881147010029053
15 10 16.0777156317282
15 11 24.16116562184424
15 12 17.284271247461902
15 13 21.576067314962533
15 14 21.881147010029053
15 15 0.0
15 16 15.478022772596205
15 17 17.23891023027464
15 18 19.064726790169015
15 19 16.284271247461902
16 0 19.064726790169015
16 1 22.899106440327397
16 2 14.867863382463163
16 3 20.284271247461902
16 4 14.682800738726458
16 5 13.724051468900866
16 6 11.2548848815355
16 7 14.284271247461902
16 8 21.213203435596427
16 9 9.179298072919103
16 10 27.284271247461902
16 11 13.284271247461902
16 12 17.84396473855135
16 13 16.579571336742276
16 14 21.881147010029053
16 15 15.478022772596205
16 16 0.0
16 17 19.228886109324485
16 18 16.242676668669606
16 19 17.513941633192893
17 0 19.74026750214437
17 1 15.754307161320234
17 2 8.434838006182694
17 3 26.870057685088806
17 4 23.284271247461902
17 5 8.434838006182694
17 6 15.635160606788384
17 7 10.791415562926002
17 8 16.970562748477143
17 9 12.760096551201878
17 10 20.222013499163353
17 11 17.84396473855135
17 12 12.005450651362196
17 13 22.899106440327397
17 14 20.474021571555248
17 15 17.23891023027464
17 16 19.228886109324485
17 17 0.0
17 18 11.883051780605175
17 19 11.2548848815355
18 0 19.681945980419275
18 1 21.213203435596427
18 2 23.284271247461902
18 3 13.284271247461902
18 4 7.023979621992602
18 5 24.678719971997914
18 6 14.248602399843703
18 7 26.048203269962112
18 8 22.899106440327397
18 9 14.142135623730951
18 10 16.118746186865465
18 11 14.942607183335568
18 12 25.45584412271571
18 13 13.862066145605946
18 14 19.681945980419275
18 15 19.064726790169015
18 16 16.242676668669606
18 17 11.883051780605175
18 18 0.0
18 19 24.678719971997914
19 0 17.84396473855135
19 1 22.899106440327397
19 2 25.45584412271571
19 3 12.663771895648594
19 4 6.261555701916663
19 5 24.284271247461902
19 6 11.2548848815355
19 7 22.627416997969522
19 8 22.453319352616603
19 9 10.820022050888923
19 10 17.103931359962953
19 11 12.253051705580503
19 12 27.284271247461902
19 13 12.128776826058392
19 14 18.8502901154053
19 15 16.284271247461902
19 16 17.513941633192893
19 17 11.2548848815355
19 18 24.678719971997914
19 19 0.0
